u= 0.1,30.0
0.1,30.0,405.0
Time= 1917.234418321881
1.27,14.0,0.0
1.08,16.0,0.0
0.67,18.0,0.0
0.26,20.0,0.0
0.2,30.0,0.0
0.0,32.0,0.0
0.1,30.0,405.0
u= 0.1,30.0
0.1,30.0,405.0
u= 0.16,28.0
u= 0.57,18.0
0.57,18.0,10.0
u= 0.98,16.0
0.97,16.0,10.0
u= 1.17,14.0
1.16,14.0,10.0
u= 2.4000000000000004,12.0
Time= 2470.0112439587465
1.27,14.0,0.0
1.08,16.0,0.0
0.67,18.0,0.0
0.26,20.0,0.0
1.16,14.0,10.0
0.97,16.0,10.0
0.57,18.0,10.0
0.2,30.0,0.0
0.0,32.0,0.0
0.1,30.0,405.0
1.16,14.0,10.0
x
u= 0.1,30.0
0.1,30.0,405.0
u= 0.16,28.0
